Reacoes de apoio [N]
[[-7.35411313e+01]
 [-4.73832126e+01]
 [ 1.99870182e+02]
 [-8.89925675e-02]
 [ 2.00000000e+02]
 [-1.00000000e+03]
 [-2.92920690e-01]
 [ 2.03473792e+02]
 [-6.62891957e-01]
 [ 4.40028779e-02]
 [-1.24458933e-01]
 [ 3.34574766e+02]
 [-1.29817724e-01]
 [ 8.89925675e-02]
 [ 0.00000000e+00]
 [ 3.10974450e+02]
 [-3.25118962e+02]
 [ 1.98316202e+02]]

Deslocamentos [m]
[[ 0.00000000e+00]
 [ 0.00000000e+00]
 [ 2.98747051e-05]
 [-1.71108991e-05]
 [ 6.00299197e-05]
 [-8.28752663e-05]
 [ 2.49123036e-06]
 [ 0.00000000e+00]
 [ 2.79418732e-05]
 [-3.18642634e-05]
 [ 7.27791521e-06]
 [ 0.00000000e+00]
 [ 4.06796080e-05]
 [-1.27416229e-05]
 [ 1.20764533e-05]
 [ 0.00000000e+00]
 [ 0.00000000e+00]
 [ 0.00000000e+00]]

Deformacoes []
[[ 1.59547576e-06]
 [ 6.22807589e-07]
 [-4.27772476e-06]
 [-4.45114408e-06]
 [-4.83207969e-07]
 [-1.27527507e-05]
 [-1.11854944e-05]
 [ 1.19667121e-06]
 [-8.01702568e-07]
 [-7.96606586e-06]
 [ 3.18443370e-06]
 [-5.96621042e-06]
 [ 1.19963452e-06]
 [-3.18540573e-06]
 [-6.67765387e-06]
 [-3.01911333e-06]]

Forcas internas [N]
[[  67.00998183]
 [  26.15791875]
 [-179.66444007]
 [-186.9480515 ]
 [ -20.29473469]
 [-535.61553002]
 [-469.79076398]
 [  50.26019099]
 [ -33.67150787]
 [-334.57476602]
 [ 133.7462153 ]
 [-250.5808377 ]
 [  50.38464992]
 [-133.78704046]
 [-280.4614624 ]
 [-126.80275966]]

Tensoes internas [Pa]
[[  335049.90914842]
 [  130789.59375677]
 [ -898322.20036461]
 [ -934740.25750832]
 [ -101473.67344605]
 [-2678077.65011576]
 [-2348953.81988142]
 [  251300.9549304 ]
 [ -168357.5393302 ]
 [-1672873.83011903]
 [  668731.07649504]
 [-1252904.1885247 ]
 [  251923.24959784]
 [ -668935.2022765 ]
 [-1402307.31199347]
 [ -634013.79828501]]