Reacoes de apoio [N]
[[-2.91883570e+01]
 [-8.17273996e+01]
 [ 6.19935050e+02]
 [ 1.40082644e+03]
 [ 2.33373612e-07]
 [ 2.11326278e-06]
 [ 1.34495906e-07]
 [ 3.87505094e-06]
 [ 7.66737401e-07]
 [ 3.92485202e-06]
 [ 1.37916049e-06]
 [ 3.29947557e-06]
 [-1.54900390e+02]
 [ 1.42479439e+03]
 [ 4.39449905e+01]
 [-1.23045973e+02]
 [-1.07394555e-07]
 [ 0.00000000e+00]
 [ 3.62629180e-08]
 [ 1.22083065e-07]
 [ 5.24225470e-07]
 [ 1.67516100e-06]
 [ 5.95382062e-07]
 [ 5.24709094e-08]
 [ 3.32082082e-29]
 [ 0.00000000e+00]
 [ 8.24738322e-07]
 [-2.00000000e+03]
 [ 4.92544586e-07]
 [-2.00000000e+03]
 [-1.06106108e-06]
 [ 0.00000000e+00]
 [-1.02212198e-07]
 [ 1.18496018e-06]
 [ 2.00122720e+03]
 [ 6.15762217e+02]
 [-2.48101850e+03]
 [ 7.63390308e+02]]

Deslocamentos [m]
[[ 0.00000000e+00]
 [ 0.00000000e+00]
 [ 0.00000000e+00]
 [ 0.00000000e+00]
 [-3.81028283e-05]
 [-5.39037620e-04]
 [ 2.07319597e-05]
 [-1.20368041e-03]
 [-1.23972243e-05]
 [-1.18647733e-03]
 [ 1.85157862e-05]
 [-7.54114662e-04]
 [ 0.00000000e+00]
 [ 0.00000000e+00]
 [ 0.00000000e+00]
 [ 0.00000000e+00]
 [ 4.79477315e-05]
 [ 0.00000000e+00]
 [ 6.18122011e-05]
 [-3.23999805e-04]
 [ 1.23056824e-05]
 [-1.23704917e-03]
 [-9.30623327e-05]
 [-5.53425914e-04]
 [-7.21884622e-05]
 [-1.58475742e-20]
 [ 9.55328931e-05]
 [-1.19873732e-03]
 [-8.87002819e-05]
 [-1.15032793e-03]
 [-3.87741834e-05]
 [-3.48685268e-04]
 [ 3.87173672e-05]
 [-4.62678878e-04]
 [ 0.00000000e+00]
 [ 0.00000000e+00]
 [ 0.00000000e+00]
 [ 0.00000000e+00]]

Deformacoes []
[[ 2.16958061e-04]
 [-2.16958061e-04]
 [-1.87276860e-03]
 [-3.81028283e-04]
 [ 1.54931436e-03]
 [ 2.07848210e-03]
 [-2.67626971e-03]
 [ 8.40496971e-04]
 [-4.38930165e-03]
 [-3.69671282e-05]
 [-5.52153067e-04]
 [-4.46310566e-04]
 [-1.62697773e-03]
 [-7.38123405e-04]
 [ 3.03709262e-04]
 [ 4.41614437e-04]
 [-1.37081103e-03]
 [-2.49796837e-03]
 [-3.78165561e-03]
 [-1.85157862e-04]
 [ 1.84497737e-03]
 [-3.28831130e-03]
 [-3.26644625e-04]
 [ 2.21731463e-03]
 [ 3.26644625e-04]
 [ 1.45941785e-04]
 [-1.70116329e-03]
 [-1.28142566e-03]
 [-1.15290686e-03]
 [ 2.19724953e-04]
 [-1.45066175e-03]
 [-2.30291469e-03]
 [-2.05276265e-03]
 [-2.54490950e-03]]

Forcas internas [N]
[[   86.78322436]
 [  -86.78322436]
 [-1498.21487845]
 [ -152.41131303]
 [  619.72574536]
 [  831.39283892]
 [-1070.50788314]
 [  336.19878823]
 [-1755.72066196]
 [  -14.78685127]
 [ -220.8612267 ]
 [ -178.5242262 ]
 [ -650.79109027]
 [ -295.24936185]
 [  121.48370489]
 [  176.6457747 ]
 [ -548.32441346]
 [-1998.37469729]
 [-1512.66224327]
 [  -74.063145  ]
 [  737.99094892]
 [-1315.32451866]
 [ -130.65785007]
 [  886.92585209]
 [  130.65785007]
 [   58.37671411]
 [-1360.93062927]
 [ -512.57026466]
 [ -461.16274541]
 [   87.88998107]
 [-1160.52939862]
 [-1842.33175008]
 [-2093.81790715]
 [-2595.80768985]]

Tensoes internas [Pa]
[[   867832.24362553]
 [  -867832.24362553]
 [ -7491074.39226413]
 [ -1524113.13034631]
 [  6197257.45355546]
 [  8313928.38917069]
 [-10705078.83141818]
 [  3361987.88230292]
 [-17557206.61963539]
 [  -147868.51272662]
 [ -2208612.2669974 ]
 [ -1785242.26204508]
 [ -6507910.90273782]
 [ -2952493.61850442]
 [  1214837.04888287]
 [  1766457.74702114]
 [ -5483244.13460838]
 [ -9991873.48643499]
 [-15126622.43272273]
 [  -740631.4499821 ]
 [  7379909.48923474]
 [-13153245.18658583]
 [ -1306578.50073806]
 [  8869258.52092667]
 [  1306578.50073807]
 [   583767.14111362]
 [ -6804653.1463605 ]
 [ -5125702.64657486]
 [ -4611627.45410921]
 [   878899.81066699]
 [ -5802646.99312118]
 [ -9211658.75038235]
 [ -8211050.61628319]
 [-10179637.99939377]]