Reacoes de apoio [N]
[[ 1.42857140e-01]
 [ 4.28571423e-01]
 [-1.42857142e-01]
 [-1.42857142e+00]
 [ 9.48614853e-10]
 [ 2.26830776e-10]
 [ 4.04603462e-10]
 [ 4.83772800e-10]
 [ 1.20288046e-09]
 [ 0.00000000e+00]
 [ 6.66133815e-16]
 [ 9.99999999e-01]]

Deslocamentos [m]
[[ 0.00000000e+00]
 [ 0.00000000e+00]
 [ 0.00000000e+00]
 [ 0.00000000e+00]
 [-6.20780137e-08]
 [ 4.07328841e-08]
 [-6.68399184e-08]
 [-5.95238090e-09]
 [-1.86888519e-07]
 [-5.95238090e-09]
 [-1.86888519e-07]
 [ 9.72603440e-08]]

Deformacoes []
[[ 0.00000000e+00]
 [-5.95238090e-09]
 [-5.44483342e-09]
 [ 3.41832503e-08]
 [ 5.95238090e-09]
 [ 0.00000000e+00]
 [-8.41793782e-09]
 [ 3.03513066e-08]
 [-2.86400104e-17]]

Forcas internas [N]
[[ 0.00000000e+00]
 [-2.49999998e-01]
 [-2.28683003e-01]
 [ 1.43569651e+00]
 [ 2.49999998e-01]
 [ 0.00000000e+00]
 [-3.53553388e-01]
 [ 1.27475488e+00]
 [-1.20288044e-09]]

Tensoes internas [Pa]
[[ 0.00000000e+00]
 [-1.24999999e+03]
 [-1.14341502e+03]
 [ 7.17848256e+03]
 [ 1.24999999e+03]
 [ 0.00000000e+00]
 [-1.76776694e+03]
 [ 6.37377438e+03]
 [-6.01440218e-06]]